% -------------------------------------------------------------------------------------------------
% -------------------------------------------------------------------------------------------------
%    Z0s_{fit}           checksum            A1               lambda1     lambda1(N_s)/lambda1(0)^2
% -------------------------------------------------------------------------------------------------
% -------------------------------------------------------------------------------------------------
function M1 = MY1_W()
M1 = [
    0.0000    1.0000    1.0000    7.5325    1.0000
    1.0000    1.0000    1.0000    7.6317    1.0265
    2.0000    1.0000    1.0000    7.7331    1.0540
    3.0000    1.0000    1.0000    7.8352    1.0820
    4.0000    1.0000    1.0000    7.9394    1.1110
    5.0000    1.0000    1.0000    8.0459    1.1410
    6.0000    1.0000    1.0000    8.1550    1.1721
    7.0000    1.0000    1.0000    8.2608    1.2027
    8.0000    1.0000    1.0000    8.3768    1.2367
    9.0000    1.0000    1.0000    8.4910    1.2707
   10.0000    1.0000    1.0000    8.6103    1.3067
   11.0000    1.0000    1.0000    8.7275    1.3425
   12.0000    1.0000    1.0000    8.8571    1.3826
   13.0000    1.0000    1.0000    8.9808    1.4215
   14.0000    1.0000    1.0000    9.1075    1.4619
   15.0000    1.0000    1.0000    9.2375    1.5039
   16.0000    1.0000    1.0000    9.3754    1.5492
   17.0000    1.0000    1.0000    9.5176    1.5966
   18.0000    1.0000    1.0000    9.6595    1.6445
   19.0000    1.0000    1.0000    9.8054    1.6946
   20.0000    1.0000    1.0000    9.9556    1.7469
   21.0000    1.0000    1.0000   10.1106    1.8017
   22.0000    1.0000    1.0000   10.2701    1.8590
   23.0000    1.0000    1.0000   10.4349    1.9191
   24.0000    1.0000    1.0000   10.6051    1.9823
   25.0000    1.0000    1.0000   10.7811    2.0486
   26.0000    1.0000    1.0000   10.9635    2.1185
   27.0000    1.0000    1.0000   11.1526    2.1922
   28.0000    1.0000    1.0000   11.3487    2.2700
   29.0000    1.0000    1.0000   11.5471    2.3500
   30.0000    1.0000    1.0000   11.7535    2.4348
   31.0000    1.0000    1.0000   11.9685    2.5247
   32.0000    1.0000    1.0000   12.1927    2.6201
   33.0000    1.0000    1.0000   12.4265    2.7216
   34.0000    1.0000    1.0000   12.6710    2.8298
   35.0000    1.0000    1.0000   12.9271    2.9453
   36.0000    1.0000    1.0000   13.1953    3.0688
   37.0000    1.0000    1.0000   13.4768    3.2011
   38.0000    1.0000    1.0000   13.7728    3.3433
   39.0000    1.0000    1.0000   14.0773    3.4927
   40.0000    1.0000    1.0000   14.3985    3.6539
   41.0000    1.0000    1.0000   14.7376    3.8281
   42.0000    1.0000    1.0000   15.0970    4.0171
   43.0000    1.0000    1.0000   15.4780    4.2224
   44.0000    1.0000    1.0000   15.8831    4.4463
   45.0000    1.0000    1.0000   16.3046    4.6854
   46.0000    1.0000    1.0000   16.7548    4.9477
   47.0000    1.0000    1.0000   17.1551    5.1870
   48.0000    1.0000    1.0000   17.5828    5.4488
   49.0000    1.0000    1.0000   18.0408    5.7364
   50.0000    1.0000    1.0000   18.5337    6.0541
   51.0000    1.0000    1.0000   19.0654    6.4065
   52.0000    1.0000    1.0000   19.6402    6.7986
   53.0000    1.0000    1.0000   20.2658    7.2386
   54.0000    1.0000    1.0000   20.9494    7.7352
   55.0000    1.0000    1.0000   21.7004    8.2997
   56.0000    1.0000    1.0000   22.5303    8.9467
   57.0000    1.0000    1.0000   23.4240    9.6705
   58.0000    1.0000    1.0000   24.4258   10.5154
   59.0000    1.0000    1.0000   25.5560   11.5110
   60.0000    1.0000    1.0000   26.8450   12.7015
   61.0000    1.0000    1.0000   28.3267   14.1422
   62.0000    1.0000    1.0000   30.0511   15.9165
   63.0000    1.0000    1.0000   32.0174   18.0675
   64.0000    1.0000    1.0000   34.3729   20.8238
   65.0000    1.0000    1.0000   36.1418   23.0223
   66.0000    1.0000    1.0000   38.3347   25.9007
   67.0000    1.0000    1.0000   41.1288   29.8139
   68.0000    1.0000    1.0000   44.8359   35.4306
   69.0001    1.0000    1.0000   49.9922   44.0486
   70.0001    1.0000    1.0000   57.6935   58.6652
   71.0001    1.0000    1.0000   69.4508   85.0123
   72.0002    1.0000    1.0000   92.9032  152.1210
   73.0001    1.0000    1.0000   93.1193  152.8293


];

end