% -------------------------------------------------------------------------------------------------
% -------------------------------------------------------------------------------------------------
%    Z0s_{fit}           checksum            A1               lambda1     lambda1(N_s)/lambda1(0)^2
% -------------------------------------------------------------------------------------------------
% -------------------------------------------------------------------------------------------------
function M1 = MY1_Sn()
M1 = [
    0.0000    1.0000    1.0000    6.0991    1.0000
    1.0000    1.0000    1.0000    6.2174    1.0392
    2.0000    1.0000    1.0000    6.3395    1.0804
    3.0000    1.0000    1.0000    6.4646    1.1235
    4.0000    1.0000    1.0000    6.5943    1.1690
    5.0000    1.0000    1.0000    6.7230    1.2151
    6.0000    1.0000    1.0000    6.8564    1.2637
    7.0000    1.0000    1.0000    6.9947    1.3152
    8.0000    1.0000    1.0000    7.1383    1.3698
    9.0000    1.0000    1.0000    7.2878    1.4278
   10.0000    1.0000    1.0000    7.4432    1.4893
   11.0000    1.0000    1.0000    7.6054    1.5549
   12.0000    1.0000    1.0000    7.7748    1.6250
   13.0000    1.0000    1.0000    7.9522    1.7000
   14.0000    1.0000    1.0000    8.1382    1.7804
   15.0000    1.0000    1.0000    8.3290    1.8649
   16.0000    1.0000    1.0000    8.5300    1.9560
   17.0000    1.0000    1.0000    8.7419    2.0544
   18.0000    1.0000    1.0000    8.9655    2.1608
   19.0000    1.0000    1.0000    9.2023    2.2764
   20.0000    1.0000    1.0000    9.4535    2.4025
   21.0000    1.0000    1.0000    9.7167    2.5381
   22.0000    1.0000    1.0000    9.9972    2.6867
   23.0000    1.0000    1.0000   10.2500    2.8243
   24.0000    1.0000    1.0000   10.5189    2.9745
   25.0000    1.0000    1.0000   10.8054    3.1387
   26.0000    1.0000    1.0000   11.1120    3.3194
   27.0000    1.0000    1.0000   11.4413    3.5190
   28.0000    1.0000    1.0000   11.7950    3.7399
   29.0000    1.0000    1.0000   12.1779    3.9867
   30.0000    1.0000    1.0000   12.5942    4.2639
   31.0000    1.0000    1.0000   13.0493    4.5777
   32.0000    1.0000    1.0000   13.5498    4.9355
   33.0000    1.0000    1.0000   14.0936    5.3396
   34.0000    1.0000    1.0000   14.7020    5.8106
   35.0000    1.0000    1.0000   15.3880    6.3655
   36.0000    1.0000    1.0000   16.1667    7.0261
   37.0000    1.0000    1.0000   17.0617    7.8255
   38.0000    1.0000    1.0000   18.1022    8.8091
   39.0000    1.0000    1.0000   19.3094   10.0232
   40.0000    1.0000    1.0000   20.7545   11.5796
   41.0000    1.0000    1.0000   21.7880   12.7616
   42.0000    1.0000    1.0000   23.0640   14.3001
   43.0000    1.0000    1.0000   24.6874   16.3840
   44.0000    1.0000    1.0000   26.8278   19.3481
   45.0000    1.0000    1.0000   29.8040   23.8790
   46.0000    1.0000    1.0000   34.2443   31.5242
   47.0000    1.0000    1.0000   41.3403   45.9426
   48.0000    1.0000    1.0000   55.4986   82.8004
   49.0000    1.0000    1.0000   55.6423   83.2297    
];

end