% -------------------------------------------------------------------------------------------------
% -------------------------------------------------------------------------------------------------
%    Z0s_{fit}           checksum            A1               lambda1     lambda1(N_s)/lambda1(0)^2
% -------------------------------------------------------------------------------------------------
% -------------------------------------------------------------------------------------------------
function M1 = MY1_Cu()
  M1 = ...
  [ 0.0000    1.0000    1.0000    4.7810    1.0000
    1.0000    1.0000    1.0000    4.9399    1.0676
    2.0000    1.0000    1.0000    5.0995    1.1377
    3.0000    1.0000    1.0000    5.2662    1.2133
    4.0000    1.0000    1.0000    5.4412    1.2953
    5.0000    1.0000    1.0000    5.6268    1.3851
    6.0000    1.0000    1.0000    5.8241    1.4839
    7.0000    1.0000    1.0000    6.0338    1.5927
    8.0000    1.0000    1.0000    6.2592    1.7139
    9.0000    1.0000    1.0000    6.5025    1.8498
   10.0000    1.0000    1.0000    6.7667    2.0032
   11.0000    1.0000    1.0000    7.0556    2.1778
   12.0000    1.0000    1.0000    7.3640    2.3724
   13.0000    1.0000    1.0000    7.7066    2.5983
   14.0000    1.0000    1.0000    8.0904    2.8636
   15.0000    1.0000    1.0000    8.5228    3.1778
   16.0000    1.0000    1.0000    9.0166    3.5567
   17.0000    1.0000    1.0000    9.5869    4.0209
   18.0000    1.0000    1.0000   10.2453    4.5921
   19.0000    1.0000    1.0000   11.0283    5.3209
   20.0000    1.0000    1.0000   11.6249    5.9121
   21.0000    1.0000    1.0000   12.3496    6.6722
   22.0000    1.0000    1.0000   13.2574    7.6892
   23.0000    1.0000    1.0000   14.4313    9.1112
   24.0000    1.0000    1.0000   16.0421   11.2586
   25.0000    1.0000    1.0000   18.4182   14.8408
   26.0000    1.0000    1.0000   22.2426   21.6439
   27.0000    1.0000    1.0000   29.8122   38.8822
   28.0000    1.0000    1.0000   30.0368   39.4703
   ];