% -------------------------------------------------------------------------------------------------
% -------------------------------------------------------------------------------------------------
%    Z0s_{fit}           checksum            A1               lambda1     lambda1(N_s)/lambda1(0)^2
% -------------------------------------------------------------------------------------------------
% -------------------------------------------------------------------------------------------------
function M1 = MY1_Gold()
M1 = [
    0.0000    1.0000    1.0000    7.8434    1.0000
    1.0000    1.0000    1.0000    7.9398    1.0247
    2.0000    1.0000    1.0000    8.0366    1.0499
    3.0000    1.0000    1.0000    8.1351    1.0758
    4.0000    1.0000    1.0000    8.2354    1.1025
    5.0000    1.0000    1.0000    8.3380    1.1301
    6.0000    1.0000    1.0000    8.4427    1.1587
    7.0000    1.0000    1.0000    8.5496    1.1882
    8.0000    1.0000    1.0000    8.6590    1.2188
    9.0000    1.0000    1.0000    8.7710    1.2505
   10.0000    1.0000    1.0000    8.8858    1.2835
   11.0000    1.0000    1.0000    9.0035    1.3177
   12.0000    1.0000    1.0000    9.1218    1.3525
   13.0000    1.0000    1.0000    9.2433    1.3888
   14.0000    1.0000    1.0000    9.3679    1.4265
   15.0000    1.0000    1.0000    9.4961    1.4658
   16.0000    1.0000    1.0000    9.6278    1.5068
   17.0000    1.0000    1.0000    9.7633    1.5495
   18.0000    1.0000    1.0000    9.9005    1.5933
   19.0000    1.0000    1.0000   10.0365    1.6374
   20.0000    1.0000    1.0000   10.1817    1.6851
   21.0000    1.0000    1.0000   10.3256    1.7331
   22.0000    1.0000    1.0000   10.4736    1.7831
   23.0000    1.0000    1.0000   10.6260    1.8354
   24.0000    1.0000    1.0000   10.7829    1.8900
   25.0000    1.0000    1.0000   10.9448    1.9472
   26.0000    1.0000    1.0000   11.1120    2.0071
   27.0000    1.0000    1.0000   11.2845    2.0699
   28.0000    1.0000    1.0000   11.4630    2.1359
   29.0000    1.0000    1.0000   11.6478    2.2054
   30.0000    1.0000    1.0000   11.8395    2.2785
   31.0000    1.0000    1.0000   12.0384    2.3557
   32.0000    1.0000    1.0000   12.2450    2.4373
   33.0000    1.0000    1.0000   12.4600    2.5237
   34.0000    1.0000    1.0000   12.6748    2.6114
   35.0000    1.0000    1.0000   12.8981    2.7042
   36.0000    1.0000    1.0000   13.1309    2.8027
   37.0000    1.0000    1.0000   13.3735    2.9072
   38.0000    1.0000    1.0000   13.6264    3.0182
   39.0000    1.0000    1.0000   13.8910    3.1366
   40.0000    1.0000    1.0000   14.1676    3.2628
   41.0000    1.0000    1.0000   14.4576    3.3977
   42.0000    1.0000    1.0000   14.7619    3.5422
   43.0000    1.0000    1.0000   15.0818    3.6974
   44.0000    1.0000    1.0000   15.4126    3.8614
   45.0000    1.0000    1.0000   15.7619    4.0384
   46.0000    1.0000    1.0000   16.1316    4.2300
   47.0000    1.0000    1.0000   16.5228    4.4377
   48.0000    1.0000    1.0000   16.9386    4.6638
   49.0000    1.0000    1.0000   17.3812    4.9108
   50.0000    1.0000    1.0000   17.8465    5.1772
   51.0000    1.0000    1.0000   18.3445    5.4702
   52.0000    1.0000    1.0000   18.7770    5.7312
   53.0000    1.0000    1.0000   19.2394    6.0169
   54.0000    1.0000    1.0000   19.7350    6.3309
   55.0000    1.0000    1.0000   20.2684    6.6778
   56.0000    1.0000    1.0000   20.8439    7.0623
   57.0000    1.0000    1.0000   21.4685    7.4919
   58.0000    1.0000    1.0000   22.1482    7.9739
   59.0000    1.0000    1.0000   22.8920    8.5184
   60.0000    1.0000    1.0000   23.7103    9.1383
   61.0000    1.0000    1.0000   24.6158    9.8496
   62.0000    1.0000    1.0000   25.5949   10.6488
   63.0000    1.0000    1.0000   26.6944   11.5833
   64.0000    1.0000    1.0000   27.9372   12.6870
   65.0000    1.0000    1.0000   29.3566   14.0089
   66.0000    1.0000    1.0000   30.9910   15.6121
   67.0000    1.0000    1.0000   32.8958   17.5902
   68.0000    1.0000    1.0000   35.0594   19.9802
   69.0000    1.0000    1.0000   37.6539   23.0468
   70.0000    1.0000    1.0000   39.6036   25.4954
   71.0000    1.0000    1.0000   42.0246   28.7077
   72.0000    1.0000    1.0000   45.1194   33.0916
   73.0001    1.0000    1.0000   49.2197   39.3794
   74.0001    1.0000    1.0000   54.9367   49.0588
   75.0001    1.0000    1.0000   63.4824   65.5086
   76.0002    1.0000    1.0000   76.3819   94.8357
   77.0004    1.0000    1.0000  102.1192  169.5143
   78.0002    1.0000    1.0000  102.3472  170.2718
];
end