% -------------------------------------------------------------------------------------------------
% -------------------------------------------------------------------------------------------------
%    Z0s_{fit}           checksum            A1               lambda1     lambda1(N_s)/lambda1(0)^2
% -------------------------------------------------------------------------------------------------
% -------------------------------------------------------------------------------------------------
function M1 = MY1_Al()
  M1 = ...
  [0.000003809009870   1.000000000000000   1.000000000000000   3.421496131565338   1.000000000000000
   1.000004706611257   1.000000000000000   1.000000000000000   3.680358654243828   1.157039484303084
   2.000005848273613   1.000000000000000   1.000000000000000   3.971266115918433   1.347180766711251
   3.000007396069186   1.000000000000000   1.000000000000000   4.313067232511536   1.589060196663929
   4.000008705076144   1.000000000000000   1.000000000000000   4.612474097903692   1.817338277768802
   5.000010402317692   1.000000000000000   1.000000000000000   4.966858053210381   2.107324374645262
   6.000012718936046   1.000000000000000   1.000000000000000   5.400547075062965   2.491399686662605
   7.000015981098282   1.000000000000000   1.000000000000000   5.942962124701694   3.016989636002646
   8.000021071339454   1.000000000000000   1.000000000000000   6.666233878251624   3.796024319972481
   9.000030013259330   1.000000000000000   1.000000000000000   7.702232246483166   5.067585829282204
  10.000049279251847   1.000000000000000   1.000000000000000   9.373345747813115   7.505111816221595
  11.000108647885810   1.000000000000000   1.000000000000000  12.655952117906674  13.682250566591003
  12.000059559203150   1.000000000000000   1.000000000000000  12.952131907310642  14.330139257864412 
  ];
