%-------------------------------------------------------------------------------------------------
%-------------------------------------------------------------------------------------------------
%   Z0s_{fit}  checksum    R2      A1       A2     lambda1   lambda2  
%-------------------------------------------------------------------------------------------------
%-------------------------------------------------------------------------------------------------
function M2 = MY2_Sn()
M2 = [
    0.0001    1.0000    0.8736    0.5106    0.4894   10.4334 1.5761
    1.0000    1.0000    0.9053    0.4344    0.5656   11.7918 1.9353
    2.0000    1.0000    0.9429    0.3420    0.6580   13.9968 2.3595
    3.0000    1.0000    0.9685    0.2771    0.7229   16.2576 2.7102
    4.0000    1.0000    0.9956    0.1933    0.8067   20.9781 3.1480
    5.0000    1.0000    0.9971    0.1844    0.8156   21.8627 3.3000
    6.0000    1.0000    0.9978    0.1779    0.8221   22.6023 3.4489
    7.0000    1.0000    0.9982    0.1732    0.8268   23.2115 3.5971
    8.0000    1.0000    0.9983    0.1697    0.8303   23.7318 3.7477
    9.0000    1.0000    0.9984    0.1665    0.8335   24.2226 3.9048
   10.0000    1.0000    0.9984    0.1647    0.8353   24.5831 4.0635
   11.0000    1.0000    0.9984    0.1625    0.8375   24.9833 4.2341
   12.0000    1.0000    0.9984    0.1595    0.8405   25.4567 4.4194
   13.0000    1.0000    0.9984    0.1551    0.8449   26.0736 4.6244
   14.0000    1.0000    0.9984    0.1483    0.8517   26.9817 4.8570
   15.0000    1.0000    0.9984    0.1476    0.8524   27.1726 5.0668
   16.0000    1.0000    0.9983    0.1431    0.8569   27.7699 5.3157
   17.0000    1.0000    0.9983    0.1329    0.8671   29.1185 5.6199
   18.0000    1.0000    0.9977    0.1151    0.8849   31.8050 5.9935
   19.0000    1.0000    0.9910    0.0850    0.9150   38.5213 6.4794
   20.0000    1.0000    0.9030    0.0402    0.9598   65.0750 7.1244
   21.0000    1.0000    0.8578    1.0000         0 9.7167         0
   22.0000    1.0000    0.8688    1.0000         0 9.9972         0
   23.0000    1.0000    0.8744    1.0000         0 10.2500         0
   24.0000    1.0000    0.8802    1.0000         0 10.5189         0
   25.0000    1.0000    0.8861    1.0000         0 10.8054         0
   26.0000    1.0000    0.8922    1.0000         0 11.1120         0
   27.0000    1.0000    0.8984    1.0000         0 11.4413         0
   28.0000    1.0000    0.9048    1.0000         0 11.7950         0
   29.0000    1.0000    0.9114    1.0000         0 12.1779         0
   30.0000    1.0000    0.9182    1.0000         0 12.5942         0
   31.0208    1.0000    0.9878    0.0029    0.9971  964.8726 10.2939
   32.0005    1.0000    0.2597    0.0183    0.9817  180.5887 10.4333
   33.0001    1.0000    0.6898    0.0362    0.9638  104.4435 10.7010
   34.0000    1.0000    0.8672    0.0592    0.9408   73.4334 11.0046
   35.0000    1.0000    0.9421    0.0891    0.9109   56.5921 11.3599
   36.0000    1.0000    0.9756    0.1286    0.8714   45.8830 11.7828
   37.0000    1.0000    0.9905    0.1799    0.8201   38.5947 12.3389
   38.0000    1.0000    0.9966    0.2416    0.7584   33.5120 13.1925
   39.0000    1.0000    0.9980    0.2089    0.7911   32.9500 15.7074
   40.0000    1.0000    0.9971    1.0069   -0.0069   20.6434 4.4720
   41.0000    1.0000    0.9964    1.0000         0 21.7880         0
   42.0000    1.0000    0.9956    1.0000         0 23.0640         0
   43.0000    1.0000    0.9951    1.0000         0 24.6874         0
   44.0000    1.0000    0.9955    1.0000         0 26.8278         0
   45.0008    1.0000    0.7873    0.0219    0.9781  269.3355 24.4435
   46.0001    1.0000    0.8825    0.1551    0.8449   90.4931 23.9221
   47.0000    1.0000    0.9314    0.6337    0.3663   53.0705 21.0453
   47.9996    1.0000    0.9935   -0.6335    1.6335  136.4429 86.8896
   48.9998    1.0000    0.9934   -0.7139    1.7139  133.8542 88.2212
    
];
end