%-------------------------------------------------------------------------------------------------
%-------------------------------------------------------------------------------------------------
%   Z0s_{fit}  checksum    R2      A1       A2     lambda1   lambda2  
%-------------------------------------------------------------------------------------------------
%-------------------------------------------------------------------------------------------------
function M2 = MY2_Gold()
M2 = 1.0e3 *[
    0.0000    0.0010    0.0006    0.0005    0.0005    0.0148    0.0021
    0.0010    0.0010    0.0007    0.0004    0.0006    0.0170    0.0025
    0.0020    0.0010    0.0007    0.0003    0.0007    0.0183    0.0027
    0.0030    0.0010    0.0007    0.0003    0.0007    0.0196    0.0029
    0.0040    0.0010    0.0007    0.0003    0.0007    0.0208    0.0031
    0.0050    0.0010    0.0007    0.0003    0.0007    0.0221    0.0033
    0.0060    0.0010    0.0007    0.0002    0.0008    0.0235    0.0035
    0.0070    0.0010    0.0008    0.0002    0.0008    0.0249    0.0037
    0.0080    0.0010    0.0008    0.0002    0.0008    0.0266    0.0039
    0.0090    0.0010    0.0008    0.0002    0.0008    0.0287    0.0041
    0.0100    0.0010    0.0008    0.0002    0.0008    0.0315    0.0043
    0.0110    0.0010    0.0009    0.0001    0.0009    0.0355    0.0045
    0.0120    0.0010    0.0009    0.0001    0.0009    0.0379    0.0047
    0.0130    0.0010    0.0009    0.0001    0.0009    0.0412    0.0049
    0.0140    0.0010    0.0009    0.0001    0.0009    0.0458    0.0051
    0.0150    0.0010    0.0009    0.0001    0.0009    0.0533    0.0054
    0.0160    0.0010    0.0010    0.0001    0.0009    0.0665    0.0057
    0.0170    0.0010    0.0010    0.0000    0.0010    0.0974    0.0060
    0.0180    0.0010    0.0009    0.0000    0.0010    0.1604    0.0063
    0.0190    0.0010    0.0009    0.0000    0.0010    0.1699    0.0064
    0.0201    0.0010    0.0004    0.0000    0.0010    1.5442    0.0067
    0.0211    0.0010    0.0003    0.0000    0.0010    2.8676    0.0068
    0.0220    0.0010    0.0003    0.0000    0.0010    4.9067    0.0070
    0.0230    0.0010    0.0003    0.0000    0.0010    5.3587    0.0071
    0.0241    0.0010    0.0003    0.0000    0.0010    3.4125    0.0072
    0.0251    0.0010    0.0003    0.0000    0.0010    1.9061    0.0073
    0.0261    0.0010    0.0007    0.0000    0.0010    1.1705    0.0074
    0.0271    0.0010    0.0010    0.0000    0.0010    0.7498    0.0076
    0.0280    0.0010    0.0010    0.0000    0.0010    0.5265    0.0077
    0.0290    0.0010    0.0009    0.0000    0.0010    0.3933    0.0078
    0.0300    0.0010    0.0009    0.0000    0.0010    0.3065    0.0079
    0.0310    0.0010    0.0009    0.0000    0.0010    0.2470    0.0080
    0.0320    0.0010    0.0009    0.0000    0.0010    0.2044    0.0081
    0.0330    0.0010    0.0010    0.0000    0.0010    0.1729    0.0083
    0.0340    0.0010    0.0010    0.0000    0.0010    0.1543    0.0084
    0.0350    0.0010    0.0010    0.0000    0.0010    0.1396    0.0085
    0.0360    0.0010    0.0010    0.0000    0.0010    0.1279    0.0087
    0.0370    0.0010    0.0010    0.0000    0.0010    0.1184    0.0089
    0.0380    0.0010    0.0010    0.0000    0.0010    0.1104    0.0090
    0.0390    0.0010    0.0010    0.0000    0.0010    0.1041    0.0092
    0.0400    0.0010    0.0010    0.0001    0.0009    0.0989    0.0094
    0.0410    0.0010    0.0010    0.0001    0.0009    0.0949    0.0097
    0.0420    0.0010    0.0010    0.0001    0.0009    0.0919    0.0099
    0.0430    0.0010    0.0010    0.0001    0.0009    0.0903    0.0102
    0.0440    0.0010    0.0010    0.0001    0.0009    0.0891    0.0105
    0.0450    0.0010    0.0010    0.0001    0.0009    0.0904    0.0109
    0.0460    0.0010    0.0010    0.0001    0.0009    0.0961    0.0114
    0.0470    0.0010    0.0010    0.0000    0.0010    0.1107    0.0120
    0.0480    0.0010    0.0010    0.0000    0.0010    0.1571    0.0127
    0.0490    0.0010    0.0009    0.0000    0.0010    0.7466    0.0137
    0.0500    0.0010    0.0007    0.0010         0    0.0178         0
    0.0510    0.0010    0.0007    0.0010         0    0.0183         0
    0.0520    0.0010    0.0007    0.0010         0    0.0188         0
    0.0530    0.0010    0.0007    0.0010         0    0.0192         0
    0.0540    0.0010    0.0007    0.0010         0    0.0197         0
    0.0550    0.0010    0.0007    0.0010         0    0.0203         0
    0.0560    0.0010    0.0007    0.0010         0    0.0208         0
    0.0570    0.0010    0.0007    0.0010         0    0.0215         0
    0.0580    0.0010    0.0007    0.0010         0    0.0221         0
    0.0590    0.0010    0.0007    0.0010         0    0.0229         0
    0.0600    0.0010    0.0005    0.0000    0.0010    5.5806    0.0181
    0.0610    0.0010    0.0010    0.0000    0.0010    0.3635    0.0183
    0.0620    0.0010    0.0010    0.0000    0.0010    0.2049    0.0187
    0.0630    0.0010    0.0010    0.0001    0.0009    0.1435    0.0191
    0.0640    0.0010    0.0010    0.0001    0.0009    0.1109    0.0197
    0.0650    0.0010    0.0010    0.0001    0.0009    0.0911    0.0204
    0.0660    0.0010    0.0009    0.0002    0.0008    0.0780    0.0214
    0.0670    0.0010    0.0009    0.0002    0.0008    0.0702    0.0231
    0.0680    0.0010    0.0009    0.0002    0.0008    0.0755    0.0275
    0.0690    0.0010    0.0009    0.0010         0    0.0377         0
    0.0700    0.0010    0.0009    0.0010         0    0.0396         0
    0.0710    0.0010    0.0009    0.0010         0    0.0420         0
    0.0720    0.0010    0.0009    0.0010         0    0.0451         0
    0.0730    0.0010    0.0009    0.0010         0    0.0492         0
    0.0740    0.0010    0.0010    0.0000    0.0010    0.3275    0.0417
    0.0750    0.0010    0.0010    0.0002    0.0008    0.1641    0.0410
    0.0760    0.0010    0.0010    0.0006    0.0004    0.1037    0.0376
    0.0770    0.0010    0.0010   -0.0001    0.0011    0.3892    0.1372
    0.0780    0.0010    0.0010   -0.0001    0.0011    0.3807    0.1383];
end