%-------------------------------------------------------------------------------------------------
%-------------------------------------------------------------------------------------------------
%   Z0s_{fit}  checksum    R2      A1       A2     lambda1   lambda2  
%-------------------------------------------------------------------------------------------------
%-------------------------------------------------------------------------------------------------
function M2 = MY2_Cu()
  M2 = ...
      [
        0.0000    1.0000    0.8873    0.4325    0.5675    8.6705    1.8166
        1.0000    1.0000    0.5858    0.1924    0.8076   14.5332    2.6540
        2.0000    1.0000    0.1139    0.1137    0.8863   21.0207    3.0573
        3.0000    1.0000   -0.6348    0.0730    0.9270   29.4030    3.3653
        4.0000    1.0000   -1.5895    0.0518    0.9482   38.8234    3.6160
        5.0000    1.0000   -2.7291    0.0391    0.9609   49.4270    3.8457
        6.0000    1.0000   -3.5490    0.0331    0.9669   57.5520    4.0542
        7.0000    1.0000   -3.4611    0.0332    0.9668   58.4139    4.2372
        8.0000    1.0000   -2.9072    0.0364    0.9636   55.0428    4.4139
        9.0000    1.0000   -2.1472    0.0432    0.9568   49.0056    4.5834
       10.0000    1.0000   -1.4294    0.0538    0.9462   42.3022    4.7461
       11.0000    1.0000   -0.8612    0.0689    0.9311   36.1525    4.9034
       12.0000    1.0000   -0.3531    0.0905    0.9095   30.3457    5.0770
       13.0000    1.0000   -0.0217    0.1176    0.8824   25.9809    5.2700
       14.0000    1.0000    0.2022    0.1518    0.8482   22.6082    5.4922
       15.0000    1.0000    0.3622    0.1976    0.8024   19.8166    5.7422
       16.0000    1.0000    0.4751    0.2561    0.7439   17.5944    6.0638
       17.0000    1.0000    0.5560    0.3259    0.6741   15.8648    6.5525
       18.0000    1.0000    0.6057    0.3439    0.6561   14.9501    7.7797
       19.0000    1.0000    0.6796    1.0090   -0.0090   10.9537    2.6999
       20.0000    1.0000    0.6795    1.0000         0   11.6249         0
       21.0000    1.0000    0.6828    1.0000         0   12.3496         0
       22.0000    1.0000    0.6790    1.0000         0   13.2574         0
       23.0000    1.0000    0.6651    1.0000         0   14.4313         0
       24.0001    1.0000   -1.8660    0.0183    0.9817  147.6275   13.5876
       25.0000    1.0000   -0.4172    0.1545    0.8455   46.0097   13.3757
       26.0000    1.0000   -0.0805    0.7111    0.2889   26.7665   11.1082
       27.0000    1.0000    0.9997   -1.4652    2.4652   66.7623   51.7733
       28.0000    1.0000    0.9997   -2.9855    3.9855   63.2111   54.8874
      ];
end