%-------------------------------------------------------------------------------------------------
%-------------------------------------------------------------------------------------------------
%   Z0s_{fit}  checksum    R2      A1       A2     lambda1   lambda2  
%-------------------------------------------------------------------------------------------------
%-------------------------------------------------------------------------------------------------
function M2 = MY2_W()
M2 = 1e3 * [
    0.0000    0.0010    0.0006    0.0005    0.0005    0.0125    0.0017
    0.0010    0.0010    0.0007    0.0005    0.0005    0.0141    0.0021
    0.0020    0.0010    0.0007    0.0004    0.0006    0.0166    0.0026
    0.0030    0.0010    0.0007    0.0003    0.0007    0.0183    0.0029
    0.0040    0.0010    0.0008    0.0003    0.0007    0.0203    0.0031
    0.0050    0.0010    0.0008    0.0002    0.0008    0.0227    0.0034
    0.0060    0.0010    0.0008    0.0002    0.0008    0.0260    0.0037
    0.0070    0.0010    0.0008    0.0002    0.0008    0.0271    0.0038
    0.0080    0.0010    0.0009    0.0002    0.0008    0.0296    0.0041
    0.0090    0.0010    0.0009    0.0002    0.0008    0.0318    0.0042
    0.0100    0.0010    0.0009    0.0001    0.0009    0.0361    0.0045
    0.0110    0.0010    0.0009    0.0001    0.0009    0.0377    0.0046
    0.0120    0.0010    0.0010    0.0001    0.0009    0.0538    0.0050
    0.0130    0.0010    0.0010    0.0001    0.0009    0.0569    0.0052
    0.0140    0.0010    0.0010    0.0001    0.0009    0.0594    0.0053
    0.0150    0.0010    0.0010    0.0001    0.0009    0.0613    0.0054
    0.0160    0.0010    0.0010    0.0000    0.0010    0.0845    0.0057
    0.0170    0.0010    0.0008    0.0000    0.0010    0.1658    0.0061
    0.0180    0.0010    0.0008    0.0000    0.0010    0.1841    0.0062
    0.0190    0.0010    0.0008    0.0000    0.0010    0.1987    0.0063
    0.0200    0.0010    0.0008    0.0000    0.0010    0.2082    0.0065
    0.0210    0.0010    0.0008    0.0000    0.0010    0.2118    0.0066
    0.0220    0.0010    0.0008    0.0000    0.0010    0.2057    0.0067
    0.0230    0.0010    0.0008    0.0000    0.0010    0.1952    0.0068
    0.0240    0.0010    0.0009    0.0000    0.0010    0.1820    0.0070
    0.0250    0.0010    0.0009    0.0000    0.0010    0.1667    0.0071
    0.0260    0.0010    0.0009    0.0000    0.0010    0.1520    0.0072
    0.0270    0.0010    0.0010    0.0000    0.0010    0.1383    0.0073
    0.0280    0.0010    0.0010    0.0000    0.0010    0.1252    0.0074
    0.0290    0.0010    0.0010    0.0000    0.0010    0.1151    0.0076
    0.0300    0.0010    0.0010    0.0000    0.0010    0.1067    0.0077
    0.0310    0.0010    0.0010    0.0000    0.0010    0.0996    0.0079
    0.0320    0.0010    0.0010    0.0000    0.0010    0.0936    0.0080
    0.0330    0.0010    0.0010    0.0001    0.0009    0.0884    0.0082
    0.0340    0.0010    0.0010    0.0001    0.0009    0.0841    0.0084
    0.0350    0.0010    0.0010    0.0001    0.0009    0.0809    0.0086
    0.0360    0.0010    0.0010    0.0001    0.0009    0.0783    0.0088
    0.0370    0.0010    0.0010    0.0001    0.0009    0.0765    0.0090
    0.0380    0.0010    0.0010    0.0001    0.0009    0.0759    0.0093
    0.0390    0.0010    0.0010    0.0001    0.0009    0.0757    0.0096
    0.0400    0.0010    0.0010    0.0001    0.0009    0.0777    0.0100
    0.0410    0.0010    0.0010    0.0001    0.0009    0.0835    0.0105
    0.0420    0.0010    0.0010    0.0000    0.0010    0.0992    0.0110
    0.0430    0.0010    0.0010    0.0000    0.0010    0.1514    0.0118
    0.0440    0.0010    0.0005    0.0000    0.0010    7.2510    0.0127
    0.0450    0.0010    0.0007    0.0010         0    0.0163         0
    0.0460    0.0010    0.0007    0.0010         0    0.0168         0
    0.0470    0.0010    0.0007    0.0010         0    0.0172         0
    0.0480    0.0010    0.0007    0.0010         0    0.0176         0
    0.0490    0.0010    0.0007    0.0010         0    0.0180         0
    0.0500    0.0010    0.0007    0.0010         0    0.0185         0
    0.0510    0.0010    0.0007    0.0010         0    0.0191         0
    0.0520    0.0010    0.0008    0.0010         0    0.0196         0
    0.0530    0.0010    0.0008    0.0010         0    0.0203         0
    0.0540    0.0010    0.0008    0.0010         0    0.0209         0
    0.0550    0.0010    0.0008    0.0010         0    0.0217         0
    0.0560    0.0010    0.0010    0.0000    0.0010    0.3837    0.0170
    0.0570    0.0010    0.0010    0.0000    0.0010    0.2037    0.0174
    0.0580    0.0010    0.0010    0.0001    0.0009    0.1396    0.0179
    0.0590    0.0010    0.0010    0.0001    0.0009    0.1066    0.0185
    0.0600    0.0010    0.0010    0.0001    0.0009    0.0870    0.0192
    0.0610    0.0010    0.0010    0.0002    0.0008    0.0744    0.0202
    0.0620    0.0010    0.0009    0.0002    0.0008    0.0671    0.0219
    0.0630    0.0010    0.0009    0.0001    0.0009    0.0745    0.0260
    0.0640    0.0010    0.0009    0.0010         0    0.0344         0
    0.0650    0.0010    0.0009    0.0010         0    0.0361         0
    0.0660    0.0010    0.0009    0.0010         0    0.0383         0
    0.0670    0.0010    0.0009    0.0010         0    0.0411         0
    0.0680    0.0010    0.0009    0.0010         0    0.0448         0
    0.0690    0.0010    0.0010    0.0000    0.0010    0.3336    0.0387
    0.0700    0.0010    0.0010    0.0002    0.0008    0.1530    0.0380
    0.0710    0.0010    0.0010    0.0006    0.0004    0.0942    0.0349
    0.0720    0.0010    0.0010   -0.0002    0.0012    0.3117    0.1277
    0.0730    0.0010    0.0010   -0.0002    0.0012    0.3052    0.1289

];

end