%-------------------------------------------------------------------------------------------------
%-------------------------------------------------------------------------------------------------
%   Z0s_{fit}  checksum    R2      A1       A2     lambda1   lambda2  
%-------------------------------------------------------------------------------------------------
%-------------------------------------------------------------------------------------------------
function M2 = MY2_Al()
M2 = ...
[  0.002992334720897   1.000000000000000   0.981378011213426   0.563100337111312   0.436899662888688   5.259487997451501   1.052591032290783
   1.000117564796446   1.000000000000000   0.982432675390985   0.556656338935073   0.443343661064927   5.472713931628279   1.429901470795631
   2.000014607126081   1.000000000000000   0.981931864001914   0.569179253360236   0.430820746639764   5.555517267009745   1.878231148716087
   3.000007396069186   1.000000000000000   0.959781899760973   1.000000000000000                   0   4.313067232511536                   0
   4.000008705076144   1.000000000000000   0.964610025914208   1.000000000000000                   0   4.612474097903692                   0
   5.000010402317692   1.000000000000000   0.968974268655455   1.000000000000000                   0   4.966858053210381                   0
   6.000012718936046   1.000000000000000   0.973241024500657   1.000000000000000                   0   5.400547075062965                   0
   7.003220599026580   1.000000000000000   0.945459841155476   0.013835323648318   0.986164676351682  70.783368403054496   5.033288489190625
   8.000397666609427   1.000000000000000   0.935971583725659   0.060216794495327   0.939783205504673  28.276697308768632   5.281539165979759
   9.000178499777235   1.000000000000000   0.949409202979255   0.170340222553855   0.829659777446145  18.648540401515525   5.454809124428391
  10.000074407212086   1.000000000000000   0.965638683400630   0.716462027886321   0.283537972113679  11.270717046002510   4.578945626304690
  10.998276661638478   1.000000000000000   0.999948092949980  -1.220189232778994   2.220189232778995  29.912361212177405  22.139866489882490
  11.999079321925571   1.000000000000000   0.999921628456309  -1.631898716427844   2.631898716427844  29.534330751276883  23.233860774805866
];
end