% -------------------------------------------------------------------------------------------------
% -------------------------------------------------------------------------------------------------
%    Z0s_{fit}  checksum    R2      A1       A2        A3     lambda1   lambda2   lambda3
% -------------------------------------------------------------------------------------------------
% -------------------------------------------------------------------------------------------------
function M3 = MY3_Al()
M3 = 1e2*[
   0.000019784160878   0.010000000000000   0.009808836190823   0.005686367743874   0.004322792769137  -0.000009160513012   0.052270354842967   0.010400133387663   0.003980998618062
   0.010001175647964   0.010000000000000   0.009824326753910   0.005566563389351   0.004433436610649                   0   0.054727139316283   0.014299014707956                   0
   0.020000146071261   0.010000000000000   0.009819318640019   0.005691792533602   0.004308207466398                   0   0.055555172670097   0.018782311487161                   0
   0.030000073960692   0.010000000000000   0.009597818997610   0.010000000000000                   0                   0   0.043130672325115                   0                   0
   0.040000087050761   0.010000000000000   0.009646100259142   0.010000000000000                   0                   0   0.046124740979037                   0                   0
   0.050000104023177   0.010000000000000   0.009689742686555   0.010000000000000                   0                   0   0.049668580532104                   0                   0
   0.060000127189360   0.010000000000000   0.009732410245007   0.010000000000000                   0                   0   0.054005470750630                   0                   0
   0.070032205990266   0.010000000000000   0.009454598411555   0.000138353236483   0.009861646763517                   0   0.707833684030545   0.050332884891906                   0
   0.080003976666094   0.010000000000000   0.009359715837257   0.000602167944953   0.009397832055047                   0   0.282766973087686   0.052815391659798                   0
   0.090001784997772   0.010000000000000   0.009494092029793   0.001703402225539   0.008296597774461                   0   0.186485404015155   0.054548091244284                   0
   0.100000744072121   0.010000000000000   0.009656386834006   0.007164620278863   0.002835379721137                   0   0.112707170460025   0.045789456263047                   0
   0.109972077889893   0.010000000000000   0.009967373727494  -0.000007196006875  -0.040050861965377   0.050058057972252   3.933151427384095   0.263669019155608   0.236806423729476
   0.119990793219256   0.010000000000000   0.009999216284563  -0.016318987164278   0.026318987164278                   0   0.295343307512769   0.232338607748059                   0    
];
end