% -------------------------------------------------------------------------------------------------
% -------------------------------------------------------------------------------------------------
%    Z0s_{fit}  checksum    R2      A1       A2        A3     lambda1   lambda2   lambda3
% -------------------------------------------------------------------------------------------------
% -------------------------------------------------------------------------------------------------
function M3 = MY3_Sn()
M3 = [
    0.0014    1.0000    0.9955    0.1146    0.6324    0.2530 27.3040    4.2038    1.2356
    1.0001    1.0000    0.9949    0.1649    0.5588    0.2763 21.6746    3.9743    1.5276
    2.0000    1.0000    0.9906    0.1851    0.4152    0.3996 20.3381    4.2399    2.0362
    3.0000    1.0000    0.9817    0.2368    0.5760    0.1872 17.9834    3.1236    2.1714
    4.0000    1.0000    0.9956    0.1933    0.8067         0 20.9781    3.1480         0
    5.0000    1.0000    0.9971    0.1844    0.8156         0 21.8627    3.3000         0
    6.0000    1.0000    0.9978    0.1779    0.8221         0 22.6023    3.4489         0
    7.0000    1.0000    0.9982    0.1732    0.8268         0 23.2115    3.5971         0
    8.0000    1.0000    0.9983    0.1697    0.8303         0 23.7318    3.7477         0
    9.0000    1.0000    0.9984    0.1665    0.8335         0 24.2226    3.9048         0
   10.0000    1.0000    0.9984    0.1647    0.8353         0 24.5831    4.0635         0
   11.0000    1.0000    0.9984    0.1625    0.8375         0 24.9833    4.2341         0
   12.0000    1.0000    0.9984    0.1595    0.8405         0 25.4567    4.4194         0
   13.0000    1.0000    0.9984    0.1551    0.8449         0 26.0736    4.6244         0
   14.0000    1.0000    0.9955    0.1864    0.9050   -0.0915 23.4007    4.4988    3.2329
   15.0000    1.0000    0.9969    0.1702    0.8426   -0.0128 24.8384    4.9077    2.6269
   16.0000    1.0000    0.9979    0.1532    0.8483   -0.0015 26.5874    5.2569    1.9518
   17.0000    1.0000    0.9983    0.1349    0.8652   -0.0000 28.8283    5.6096    1.0429
   18.0000    1.0000    0.9977    0.1151    0.8849         0 31.8050    5.9935         0
   19.0000    1.0000    0.9910    0.0850    0.9150         0 38.5213    6.4794         0
   20.0000    1.0000    0.8967    0.0392    0.9577    0.0031 66.3271    7.1410    4.8997
   21.0000    1.0000    0.8578    1.0000         0         0 9.7167         0         0
   22.0000    1.0000    0.8688    1.0000         0         0 9.9972         0         0
   23.0000    1.0000    0.8744    1.0000         0         0 10.2500         0         0
   24.0000    1.0000    0.8802    1.0000         0         0 10.5189         0         0
   25.0000    1.0000    0.8861    1.0000         0         0 10.8054         0         0
   26.0000    1.0000    0.8922    1.0000         0         0 11.1120         0         0
   27.0000    1.0000    0.8984    1.0000         0         0 11.4413         0         0
   28.0000    1.0000    0.9048    1.0000         0         0 11.7950         0         0
   29.0000    1.0000    0.9114    1.0000         0         0 12.1779         0         0
   30.0000    1.0000    0.9182    1.0000         0         0 12.5942         0         0
   31.0208    1.0000    0.9878    0.0029    0.9971         0 964.8726   10.2939         0
   32.0005    1.0000    0.2597    0.0183    0.9817         0 180.5887   10.4333         0
   33.0001    1.0000    0.6898    0.0362    0.9638         0 104.4435   10.7010         0
   34.0000    1.0000    0.8672    0.0592    0.9408         0 73.4334   11.0046         0
   35.0000    1.0000    0.9421    0.0891    0.9109         0 56.5921   11.3599         0
   36.0000    1.0000    0.9756    0.1286    0.8714         0 45.8830   11.7828         0
   37.0000    1.0000    0.9905    0.1799    0.8201         0 38.5947   12.3389         0
   38.0000    1.0000    0.9966    0.2416    0.7584    0.0000 33.5145   13.1928    0.1505
   39.0000    1.0000    0.9964    0.1020    0.8946    0.0035 42.9874   16.6638    5.3190
   40.0000    1.0000    0.9971    1.0069   -0.0069         0 20.6434    4.4720         0
   41.0000    1.0000    0.9964    1.0000         0         0 21.7880         0         0
   42.0000    1.0000    0.9956    1.0000         0         0 23.0640         0         0
   43.0000    1.0000    0.9951    1.0000         0         0 24.6874         0         0
   44.0000    1.0000    0.9955    1.0000         0         0 26.8278         0         0
   45.0008    1.0000    0.7873    0.0219    0.9781         0 269.3355   24.4435         0
   46.0001    1.0000    0.8825    0.1551    0.8449         0 90.4931   23.9221         0
   47.0000    1.0000    0.9314    0.6337    0.3663         0 53.0705   21.0453         0
   47.9996    1.0000    0.9935   -0.6335    1.6335         0 136.4429   86.8896         0
   48.9998    1.0000    0.9934   -0.7171    1.7171    0.0000 133.7332   88.2547    1.7631
];

end