% -------------------------------------------------------------------------------------------------
% -------------------------------------------------------------------------------------------------
%    Z0s_{fit}  checksum    R2      A1       A2        A3     lambda1   lambda2   lambda3
% -------------------------------------------------------------------------------------------------
% -------------------------------------------------------------------------------------------------
function M3 = MY3_W()
M3 = [
    0.0013    1.0000    0.9262    0.0965    0.7058    0.1978   40.7776    4.7464    1.2612
    1.0001    1.0000    0.8966    0.1129    0.6491    0.2380   36.2792    4.8617    1.5971
    2.0000    1.0000    0.8899    0.1135    0.5416    0.3449   35.9581    5.4016    2.1100
    3.0000    1.0000    0.9201    0.0873    0.4628    0.4499   42.7872    6.4409    2.4903
    4.0001    1.0000    0.9786    0.0448    0.3844    0.5708   66.8955    8.5866    2.8794
    5.0000    1.0000    0.7857    0.2404    0.7596         0   22.7136    3.4038         0
    6.0000    1.0000    0.8212    0.2001    0.7999         0   25.9977    3.6903         0
    7.0000    1.0000    0.8315    0.1916    0.8084         0   27.0553    3.8057         0
    8.0000    1.0000    0.8513    0.1691    0.8309         0   29.6031    4.0558         0
    9.0000    1.0000    0.8680    0.1540    0.8460         0   31.8430    4.2397         0
   10.0000    1.0000    0.8913    0.1336    0.8673   -0.0009   35.4275    4.4711    1.8418
   11.0000    1.0000    0.8947    0.1321    0.8786   -0.0107   36.0567    4.5467    2.7534
   12.0001    1.0000    0.9716    0.0781    0.9219         0   53.8146    5.0492         0
   13.0001    1.0000    0.9786    0.0735    0.9265         0   56.8908    5.1790         0
   14.0001    1.0000    0.9833    0.0703    0.9297         0   59.4299    5.3019         0
   15.0001    1.0000    0.9861    0.0683    0.9317         0   61.3319    5.4187         0
   16.0002    1.0000    0.9987    0.0464    0.9536         0   84.5389    5.7162         0
   17.0015    1.0000    0.8487    0.0217    0.9783         0  165.8142    6.0570         0
   18.0019    1.0000    0.8170    0.0195    0.9805         0  184.0652    6.1945         0
   19.0024    1.0000    0.7980    0.0181    0.9819         0  198.7309    6.3284         0
   20.0027    1.0000    0.7917    0.0173    0.9827         0  208.1839    6.4596         0
   21.0028    1.0000    0.7958    0.0172    0.9828         0  211.7881    6.5890         0
   22.0025    1.0000    0.8137    0.0179    0.9821         0  205.6840    6.7123         0
   23.0022    1.0000    0.8378    0.0191    0.9809         0  195.1947    6.8342         0
   24.0018    1.0000    0.8663    0.0209    0.9791         0  181.9760    6.9551         0
   25.0014    1.0000    0.8979    0.0232    0.9768         0  166.6728    7.0732         0
   26.0011    1.0000    0.9271    0.0260    0.9740         0  152.0134    7.1919         0
   27.0008    1.0000    0.9524    0.0293    0.9707         0  138.2625    7.3109         0
   28.0006    1.0000    0.9730    0.0333    0.9667         0  125.1738    7.4282         0
   29.0005    1.0000    0.9867    0.0371    0.9629         0  115.1210    7.5612         0
   30.0004    1.0000    0.9949    0.0409    0.9591         0  106.6938    7.7017         0
   31.0003    1.0000    0.9990    0.0449    0.9551         0   99.6147    7.8511         0
   32.0003    1.0000    1.0000    0.0488    0.9512         0   93.6306    8.0104         0
   33.0002    1.0000    0.9986    0.0529    0.9471         0   88.4122    8.1797         0
   34.0002    1.0000    0.9957    0.0569    0.9431         0   84.1192    8.3633         0
   35.0002    1.0000    0.9920    0.0603    0.9397         0   80.8589    8.5669         0
   36.0001    1.0000    0.9878    0.0634    0.9366         0   78.2547    8.7894         0
   37.0001    1.0000    0.9838    0.0658    0.9342         0   76.5450    9.0381         0
   38.0001    1.0000    0.9807    0.0668    0.9332         0   75.9433    9.3208         0
   39.0001    1.0000    0.9770    0.0672    0.9328         0   75.6537    9.6390         0
   40.0001    1.0000    0.9439    0.0974    1.0166   -0.1139   58.6355    9.3206    6.8897
   41.0001    1.0000    0.9564    0.0786    0.9464   -0.0249   67.6093   10.1206    6.1217
   42.0001    1.0000    0.9723    0.0590    0.9532   -0.0121   82.4554   10.8159    6.0350
   43.0003    1.0000    0.9892    0.0407    1.0524   -0.0931  108.3990   11.2870    8.6963
   44.0002    1.0000    0.9825    0.0721   -0.3479    1.2759   83.3834   21.2224   13.5253
   45.0000    1.0000    0.7084    1.0000         0         0   16.3046         0         0
   46.0000    1.0000    0.7195    1.0000         0         0   16.7548         0         0
   47.0000    1.0000    0.7242    1.0000         0         0   17.1551         0         0
   48.0000    1.0000    0.7291    1.0000         0         0   17.5828         0         0
   49.0000    1.0000    0.7343    1.0000         0         0   18.0408         0         0
   50.0000    1.0000    0.7399    1.0000         0         0   18.5337         0         0
   51.0000    1.0000    0.7459    1.0000         0         0   19.0654         0         0
   52.0000    1.0000    0.7523    1.0000         0         0   19.6402         0         0
   53.0000    1.0000    0.7593    1.0000         0         0   20.2658         0         0
   54.0000    1.0000    0.7668    1.0000         0         0   20.9494         0         0
   55.0000    1.0000    0.7750    1.0000         0         0   21.7004         0         0
   56.0073    1.0000    0.9969    0.0150    0.9850         0  383.7327   17.0332         0
   57.0014    1.0000    0.9976    0.0321    0.9679         0  203.7360   17.4369         0
   58.0005    1.0000    0.9987    0.0536    0.9464         0  139.5996   17.9070         0
   59.0003    1.0000    0.9890    0.0804    0.9196         0  106.6274   18.4671         0
   60.0002    1.0000    0.9751    0.1128    0.8872         0   87.0463   19.1924         0
   61.0001    1.0000    0.9610    0.1501    0.8499         0   74.3800   20.1958         0
   62.0001    1.0000    0.9486    0.1813    0.8187    0.0000   67.0734   21.8502    0.0069
   63.0002    1.0000    0.9589    0.0533    0.9327    0.0140  113.6346   27.6518   12.2918
   64.0000    1.0000    0.9016    1.0000         0         0   34.3729         0         0
   65.0000    1.0000    0.8969    1.0000         0         0   36.1418         0         0
   66.0000    1.0000    0.8938    1.0000         0         0   38.3347         0         0
   67.0000    1.0000    0.8930    1.0000         0         0   41.1288         0         0
   68.0000    1.0000    0.8959    1.0000         0         0   44.8359         0         0
   69.0032    1.0000    0.9887    0.0384    0.9616         0  333.5709   38.6642         0
   70.0006    1.0000    0.9927    0.1713    0.8287         0  152.9629   38.0016         0
   71.0002    1.0000    0.9877    0.5829    0.4171         0   94.1998   34.8665         0
   71.9961    1.0000    0.9899   -0.1893    1.1893         0  311.7231  127.7286         0
   72.9981    1.0000    0.9893   -0.2028    1.2028         0  305.1938  128.8713         0

];

end