% -------------------------------------------------------------------------------------------------
% -------------------------------------------------------------------------------------------------
%    Z0s_{fit}  checksum    R2      A1       A2        A3     A4    lambda1   lambda2   lambda3   lambda4
% -------------------------------------------------------------------------------------------------
% -------------------------------------------------------------------------------------------------
function M4 = MY4_Cu()
M4 = [...
    0.0005    1.0000   -0.2153    0.0788    0.7405    0.1807         0   25.4094    3.4463    1.2521         0
    1.0000    1.0000    0.2291    0.1228    0.7876    0.0896         0   19.5057    3.0318    1.7409         0
    2.0000    1.0000    0.1139    0.1137    0.8863         0         0   21.0207    3.0573         0         0
    3.0000    1.0000   -0.6348    0.0730    0.9270         0         0   29.4030    3.3653         0         0
    4.0000    1.0000   -1.5895    0.0518    0.9482         0         0   38.8234    3.6160         0         0
    5.0000    1.0000   -2.7291    0.0391    0.9609         0         0   49.4270    3.8457         0         0
    6.0000    1.0000   -3.5490    0.0331    0.9669         0         0   57.5520    4.0542         0         0
    7.0000    1.0000   -3.4611    0.0332    0.9668         0         0   58.4139    4.2372         0         0
    8.0000    1.0000   -2.9072    0.0364    0.9636         0         0   55.0428    4.4139         0         0
    9.0000    1.0000   -2.1472    0.0432    0.9568         0         0   49.0056    4.5834         0         0
   10.0000    1.0000   -1.4294    0.0538    0.9462         0         0   42.3022    4.7461         0         0
   11.0000    1.0000   -0.8612    0.0689    0.9311         0         0   36.1525    4.9034         0         0
   12.0000    1.0000   -0.3531    0.0905    0.9095         0         0   30.3457    5.0770         0         0
   13.0000    1.0000   -0.0217    0.1176    0.8824         0         0   25.9809    5.2700         0         0
   14.0000    1.0000    0.2022    0.1518    0.8482         0         0   22.6082    5.4922         0         0
   15.0000    1.0000    0.3622    0.1976    0.8024         0         0   19.8166    5.7422         0         0
   16.0000    1.0000    0.4751    0.2561    0.7439         0         0   17.5944    6.0638         0         0
   17.0000    1.0000    0.5706    0.3613    0.6425   -0.0038         0   15.2584    6.3584    2.9071         0
   18.0000    1.0000    0.6057    0.3439    0.6561         0         0   14.9501    7.7797         0         0
   19.0000    1.0000    0.6796    1.0090   -0.0090         0         0   10.9537    2.6999         0         0
   20.0000    1.0000    0.6795    1.0000         0         0         0   11.6249         0         0         0
   21.0000    1.0000    0.6828    1.0000         0         0         0   12.3496         0         0         0
   22.0000    1.0000    0.6790    1.0000         0         0         0   13.2574         0         0         0
   23.0000    1.0000    0.6651    1.0000         0         0         0   14.4313         0         0         0
   24.0001    1.0000   -1.8660    0.0183    0.9817         0         0  147.6275   13.5876         0         0
   25.0000    1.0000   -0.4172    0.1545    0.8455         0         0   46.0097   13.3757         0         0
   26.0000    1.0000   -0.0805    0.7111    0.2889         0         0   26.7665   11.1082         0         0
   26.9999    1.0000    0.9995   -0.0027   -3.6945    4.6971    0.0000  265.3074   60.9186   54.4131   14.2112
   28.0000    1.0000    0.9997   -3.0600    4.0600    0.0000         0   63.1029   54.9585    2.5136         0
];
end